Airpolution <- c(
 0.2041, 0.2041, 0.5051, 0.5051, 0.2552, 0.3424, 0.2041, 0.1139, 0.3617, 0.3617,
 0.3424, 0.3424, 0.3010, 0.3222, 0.4313, 1.0211, 0.6989, 0.3424, 0.2552, 0.3010,
 0.4471, 0.5440, 0.3010, 0.2552, 0.2041, 0.3010, 0.6532, 0.3802, 0.2304, 0.2041,
 0.2041, 0.2304, 0.2787, 0.1461, 0.0413, 0.1760, 0.2304, 0.3222, 0.3802, 0.5910,
 0.3617, 0.4313, 0.4149, 0.6020, 0.5910, 0.5440, 0.6020, 0.3222, 0.2552, 0.4149,
 0.6901, 0.5910, 0.6232, 0.3222, 0.2787, 0.4771, 0.6901, 0.6627, 0.1461, 0.0791,
 0.0413, 0.1139, 0.2041, 0.5314, 0.3802, 0.2041, 0.2787, 0.3617, 0.3010, 0.6020,
 0.4623, 0.1139, 0.1461, 0.1760, 0.5185, 0.4149, 0.1760, 0.1760, 0.1461, 0.3617,
 0.3010, 0.5682, 0.3424, 0.2787, 0.1139, 0.2041, 0.3979, 0.3617, 0.2552, 0.2304,
 0.0791, 0.0791, 0.4771, 0.4913, 0.4313, 0.5563, 0.4771, 0.3802, 0.7634, 0.6720,
 0.6434, 0.2999, 0.1461, 0.3979, 0.4771, 0.3617, 0.3222, 0.2552, 0.1139, 0.4313,
 0.4313, 0.3222, 0.5314, 0.2304, 0.1760, 0.3424, 0.4913, 0.4313, 0.2787, 0.1461,
 0.1139, 0.3424, 0.4313, 0.3222, 0.4771, 0.1760, 0.1139, 0.2041, 0.3424, 0.3802,
 0.2787, 0.2041, 0.2041, 0.2041, 0.3979, 0.2304, 0.1461, 0.1461, 0.1760, 0.2041,
 0.3617, 0.3617, 0.2787, 0.2304, 0.3010, 0.3222, 0.5314, 0.3802, 0.3617, 0.2552,
 0.1139, 0.2041, 0.4313, 0.4471, 0.3222, 0.2041, 0.2304, 0.4471, 0.5682, 0.6901,
 0.3617, 0.4623, 0.2787, 0.3424, 0.7323, 0.4913, 0.5440, 0.3424, 0.2304, 0.3010,
 0.8750, 0.6532, 0.4149, 0.3424, 0.2041, 0.4623, 0.7075, 0.6232, 0.4313, 0.2787,
 0.2552, 0.3617, 0.7323, 0.7558, 0.2787, 0.1760, 0.1461, 0.3424, 0.8260, 0.6434,
 0.3222, 0.2787, 0.1760, 0.4771, 0.7634, 0.5910, 0.3222, 0.2304, 0.1760, 0.3222,
 0.7160, 0.6020, 0.4313, 0.3010, 0.2041, 0.5563, 0.6901, 0.5185, 0.3424, 0.2787,
 0.2304, 0.4313, 0.7481, 0.5563, 0.6020, 0.3010, 0.2304, 0.4149, 0.8061, 0.6232,
 0.5563, 0.5797, 0.4149, 0.6334, 0.5797, 0.4149, 0.2787, 0.1139, 0.1139, 0.1461,
 0.3222, 0.3222, 0.3424, 0.1760, 0.1461, 0.2041, 0.4771, 0.5051, 0.3802, 0.3010,
 0.2787, 0.3617, 0.6532, 0.5185, 0.4149, 0.3222, 0.4149, 0.4149, 0.3617, 0.3222,
 0.2552, 0.2552, 0.1461, 0.2552, 0.3979, 0.4149, 0.2552, 0.2787, 0.2552, 0.3010,
 0.4771, 0.8061, 0.5563, 0.3802, 0.3010, 0.3222, 0.7634, 0.8808, 0.4771, 0.3010,
 0.2304, 0.3222, 0.4313, 0.4149, 0.3424, 0.2304, 0.2304, 0.3010, 0.4313, 0.4623,
 0.3222, 0.2787, 0.2304, 0.2787, 0.4623, 0.3424, 0.2304, 0.2552, 0.0413, 0.0791,
 0.4471, 0.4771, 0.3424, 0.3617, 0.2787, 0.3222, 0.5185, 0.4771, 0.4771, 0.3617,
 0.3010, 0.3222, 0.5563, 0.4623, 0.4771, 0.3424, 0.3222, 0.3222, 0.6127, 0.5563,
 0.3010, 0.2304, 0.2552, 0.2552, 0.6627, 0.6901, 0.5051, 0.4913, 0.3010, 0.4313,
 0.8195, 0.6532, 0.3222, 0.3222, 0.2304, 0.3010, 0.3222, 0.2787, 0.2787, 0.2041,
 0.2304, 0.2787, 0.2041, 0.3424, 0.1760, 0.2304, 0.1760, 0.4313, 0.2787, 0.2787,
 0.2304, 0.1760, 0.2304, 0.1760, 0.3802, 0.3222, 0.2552, 0.1760, 0.2304, 0.3424,
 0.3010, 0.2787, 0.2787, 0.2552, 0.3424, 0.3424, 0.3222, 0.3222, 0.3010, 0.3424,
 0.4149, 0.3617, 0.4771, 0.4623, 0.3802, 0.3010, 0.2552, 0.2304, 0.5440, 0.3424,
 0.2787, 0.2041 )
