Amerikamaru <- c(
 515,  553,  544,  512,  583,  544,  512,  514,  609,  648,  712,  686,  704,  736,  704,  713,
 750,  772,  774,  801,  782,  803,  780,  773,  736,  803,  768,  783,  803,  768,  771,  768,
 774,  804,  780,  780,  806,  768,  768,  771,  768,  776,  832,  819,  769,  798,  784,  804,
 778,  780,  656,  467,  408,  364,  273,  256,  291,  320,  294,  296,  278,  259,  225,  278,
 288,  291,  309,  275,  246,  278,  272,  288,  303,  298,  301,  270,  272,  274,  256,  296,
 313,  271,  241,  400,  542,  589,  584,  679,  647,  653,  710,  681,  704,  707,  744,  654,
 681,  672,  679,  680,  712,  680,  680,  677,  708,  675,  710,  715,  676,  677,  704,  708,
 736,  813,  866,  896,  876,  900,  896,  899,  960,  906,  864,  896,  868,  875,  930,  910,
 905,  927,  808,  952,  916,  947,  913,  894,  950,  900,  944,  886,  914,  912,  928,  816,
 900,  896,  928,  849,  916,  800,  768,  772,  630,  488,  394,  360,  384,  403,  408,  352,
 391,  353,  386,  389,  398,  391,  344,  374,  372,  424,  390,  332,  324,  384,  367,  326,
 300,  228,  264,  260,  236,  232,  258,  256,  192,  236,  256,  261,  236,  224,  256,  230,
 259,  256,  239,  256,  256,  259,  230,  231,  268,  263,  264,  384,  484,  618,  649,  679,
 673,  672,  707,  716,  738,  696,  697,  660,  746,  748,  740,  768,  690,  726,  696,  732,
 760,  740,  729,  734,  728,  712,  697,  768,  742,  696,  768,  732,  704,  752,  743,  723,
 742,  680,  740,  729,  740,  720,  736,  743,  768,  718,  720,  708,  711,  706,  711,  736,
 736,  704,  682,  704,  647,  590,  481,  418,  390,  331,  328,  323,  330,  357,  362,  397,
 357,  359,  324,  330,  352,  416,  359,  329,  320,  384,  326,  355,  384,  357,  384,  388,
 360,  296,  299,  364,  358,  353,  352,  363,  294,  355,  352,  304,  291,  161,  159,   80,
 122,  123,   72,  139,  118,  116,  124,  107,  102,   82,   95,  148,  140,  103,  114,  114,
 120,  104,  168,  116,  128,  112,   81,   86,   80,  127,  113,  136,  112,   96,  115,  100,
 102,  124,  131,  144,  143,  142,  200,  228,  192,  258,  416,  544,  621,  676,  716,  704,
 711,  744,  776,  744,  768,  743,  718,  705,  712,  779,  808,  740,  778,  740,  676,  776,
 742,  749,  711,  710,  718,  736,  768,  769,  783,  768,  740,  674,  679,  682,  653,  692,
 697,  752,  683,  704,  712,  688,  678,  712,  727,  707,  694,  582,  482,  472,  435,  484,
 368,  299,  256,  195,   44,   27,   40,   40,   84,   26,   -3,   20,  -13,   30,    0,   15,
  48,   39,   15,  -16,    3,  -24,   29,   31,   48,   11,   64,  172,  199,  224,  225,  200,
 204,  227,  256,  256,  224,  228,  195,  197,  226,  257,  228,  232,  204,  226,  166,  229,
 258,  224,  195,  204,  256,  232,  256,  233,  192,  232,  232,  230,  238,  226,  192,  128,
 109,   98,  102,   32,   43,   90,  137,   78,   69,   74,   24,   96,   79,   68,   58,   57,
  73,   75,   91,  116,   66,   64,  101,  122,   88,   96,  148,  257,  438,  499,  476,  470,
 423,  396,  392,  530,  576,  567,  626,  691,  723,  686,  668,  695,  704,  656,  644,  618,
 646,  617,  645,  608,  579,  488,  448,  396,  361,  384,  416,  492,  552,  584,  617,  608,
 640,  618,  615,  614,  618,  610,  612,  620,  616,  615,  648,  652,  619,  613,  612,  616,
 615,  619,  616,  640,  654,  649,  614,  623,  613,  613,  605,  620,  692,  728,  749,  762,
 736,  768,  724,  750,  752,  751,  738,  773,  720,  732,  779,  728,  725,  768,  652,  555,
 599,  624,  698,  669,  724,  722,  711,  656,  590,  535,  515,  557,  555,  524,  588,  568,
 568,  598,  569,  472,  304,  160,   64,    0,    0,   15,  -29,   34,  128,  192,  172,  230,
 206,  165,  108,  138,  101,   96,  195,  200,  228,  234,  265,  288,  264,  320,  320,  271,
 226,  256,  262,  269,  231,  296,  263,  267,  256,  290,  335,  454,  523,  548,  608,  570,
 648,  544,  358,  344,  301,  388,  422,  461,  442,  421,  410,  385,  392,  407,  482,  486,
 496,  561,  528,  567,  550,  572,  546,  592,  607,  480,  448,  395,  384,  382,  392,  389,
 360,  363,  364,  370,  377,  408,  482,  452,  498,  512,  483,  525,  494,  524,  515,  548,
 524,  517,  512,  514,  520,  448,  513,  494,  512,  544,  525,  522,  513,  512,  512,  488,
 491,  520,  514,  488,  488,  460,  480,  484,  516,  514,  513,  524,  578,  512,  519,  526,
 554,  524,  518,  493,  483,  512,  519,  480,  458,  503,  512,  517,  512,  512,  512,  549,
 548,  528,  564,  544,  506,  512,  528,  538,  527,  490,  513,  531,  512,  514,  562,  555,
 568,  592,  607,  612,  592,  613,  556,  542,  553,  548,  576,  528,  544,  520,  530,  512,
 545,  480,  522,  512,  521,  576,  545,  576,  554,  521,  490,  424,  399,  389,  324,  225,
 199,  168,  140,  160,    0,  131,  161,  192,  164,  203,  225,  164,  166,  164,  163,  201,
 195,  202,  193,  192,  232,  324,  331,  357,  362,  330,  368,  376,  372,  342,  352,  366,
 352,  367,  384,  421,  402,  408,  421,  466,  440,  448,  429,  416,  416,  424,  472,  454,
 485,  419,  332,  347,  316,  416,  442,  496,  466,  393,  380,  406,  432,  356,  398,  425,
 448,  473,  486,  490,  553,  548,  552,  423,  260,  256,  195,  289,  388,  454,  426,  416,
 298,  321,  387,  328,  421,  416,  418,  461,  416,  327,  258,  195,  237,  262,  360,  397,
 480,  481,  484,  458,  427,  454,  384,  292,  399,  392,  384,  389,  459,  458,  521, -183,

 -96,  -56,  -57,  -61,    8,  -20,    0,  -32,    6,  -56,    2,  -60,  -20,   34,    2,    1,
   0,  -54,  -32,   32,    6,   74,   64,   32,  -50,    0,  -64,  -90,  -30,  -24,  -32,    0,
 -32,  -32,  -57,  -96,  -28,  -32,  -64,  -52,  -62,  -86,  -56,  -23,  -80,  -14, -119,  -32,
 -88,  -96, -105,  -96, -159,  -96,  -83, -112,  -94, -112, -155, -148, -112, -103, -140, -114,
-150, -149, -143, -101,  -83,  -53,  -60,  -48,  -58,  -57,  -20,  -38,  -51,  -57, -126,  -83,
 -31,   22,   16,   44,   59,  -32,  -96,  -19,    4,    0,   40,    9,    2,    0,   72,    6,
  33,    9,   14,    5,    2,    8,   32,   14,   66,   43,   36,    8,    8,   72,  104,  136,
  64,    8,   38,   64,   46,   44,    3,   45,   78,   43,   96,   68,    1,  -23,   32,   15,
  96,   97,   40,  115,   89,  154,   84,   -8,   53,    0,  106,   65,   99,   64,   52,  -25,
  16,   18,   10,  -28,  -28,  -27,  -94,  -77, -112,  -96,  -74, -124,  -83,  -55,  -64,  -80,
 -60, -125, -176, -131, -116, -128, -148,  -96,  -84,  -33,  -80,  -89, -126, -150, -150, -188,
-150, -128,  -85,  -89,  -90,  -59,  -20,  -95, -160, -160, -160, -160, -125,  -96,  -53,  -64,
 -88,  -92,  -96,  -93,  -64,  -64,  -84,  -56,  -32,    4,   13,    8,    2,    5,  -32,  -20,
 -24,    8,    1,   64,   67,   56,   34,   32,   97,   73,   31,   17,  -32,   15,   26,   48,
  96,   51,    3,   10,   16,    0, -104,   -9,  -16,  -36,   41,   40,   14,   -2,  -48,  -48,
  26,  -48,   52,    3,  -21,  -64,  -80, -100,  -72, -112,  -75, -117, -104, -112, -158, -121,
-148, -160, -192, -160, -214, -221, -248, -247, -212, -224, -212, -216, -186, -155, -181, -192,
-284, -244, -288, -372, -288, -241, -224, -276, -256, -251, -284, -307, -320, -316, -285, -316,
-276, -288, -312, -288, -315, -288, -346, -320, -371, -320, -287, -268, -247, -256, -217, -268,
-261, -256, -304, -268, -304, -316, -256, -253, -224, -239, -240, -174, -208, -217, -214, -192,
-196, -224, -204, -256, -223, -217, -177, -162, -183, -201, -214, -192, -256, -219, -179, -180,
-156, -115, -140, -160, -135, -120,  -91,  -64,  -96,  -57,  -90, -124, -160, -117,  -92,  -86,
 -58,  -60,  -92, -128,  -96,  -92,  -83, -116,  -96,  -51,    0,  -52,   42,  -28, -128,  -96,
-122,  -96, -128,  -96,  -57,  -64,  -57,  -92, -120, -128, -120, -118, -115, -127, -128, -118,
-166, -126, -176, -128, -120, -145, -168, -156, -196, -160, -160, -168, -158, -135, -160, -176,
-236, -280, -256, -248, -293, -272, -256, -252, -219, -282, -279, -234, -233, -206, -252, -246,
-224, -280, -269, -283, -264, -266, -256, -226, -200, -153, -164, -180, -249, -224, -187, -224,
