bispecData <-
c(308,  294,  283,  276,  264,  264,  272,  282,  289,  297,
  306,  308,  308,  304,  296,  288,  280,  265,  254,  233,
  220,  208,  184,  164,  155,  162,  175,  215,  238,  257,
  284,  306,  318,  316,  317,  315,  310,  307,  311,  325,
  348,  348,  346,  338,  324,  291,  258,  231,  214,  211,
  218,  231,  244,  266,  282,  303,  321,  326,  323,  320,
  321,  324,  330,  338,  351,  362,  366,  358,  362,  366,
  363,  360,  355,  348,  332,  318,  298,  285,  278,  270,
  275,  281,  306,  318,  336,  345,  355,  353,  336,  324,
  316,  310,  302,  292,  282,  269,  254,  241,  234,  234,
  241,  243,  246,  254,  269,  290,  318,  346,  377,  385,
  393,  388,  385,  376,  356,  330,  304,  282,  262,  251,
  238,  234,  233,  229,  223,  217,  215,  212,  220,  232,
  254,  275,  292,  309,  323,  334,  344,  341,  330,  320,
  309,  297,  291,  292,  298,  298,  290,  286,  286,  281,
  278,  274,  280,  288,  294,  303,  307,  304,  301,  305,
  310,  316,  325,  332,  338,  348,  354,  363,  373,  377,
  374,  359,  350,  338,  326,  317,  311,  308,  308,  310,
  318,  331,  345,  349,  347,  339,  336,  344,  349,  353,
  349,  342,  334,  336,  334,  325,  318,  313,  314,  318,
  317,  314,  312,  312,  312,  311,  305,  298,  284,  268,
  253,  232,  221,  210,  194,  180,  164,  153,  153,  154,
  188,  232,  280,  318,  358,  396,  423,  421,  411,  393,
  366,  329,  298,  281,  273,  262,  254,  244,  232,  231,
  243,  258,  269,  281,  300,  313,  329,  348,  376,  390,
  394,  392,  384,  364,  344,  323,  302,  284,  270,  264,
  266,  278,  293,  310,  319,  341,  362,  376,  372,  358,
  342,  333,  338,  351,  366,  370,  360,  349,  334,  320,
  302,  292,  280,  272,  275,  282,  292,  300,  312,  318,
  322,  330,  332,  333,  336,  333,  340,  341,  344,  341,
  336,  324,  314,  305,  294,  283,  279,  284,  290,  299,
  298,  292,  283,  274,  266,  264,  266,  254,  258,  266,
  274,  283,  291,  298,  305,  313,  318,  318,  317,  318,
  316,  304,  282,  254,  226,  202,  180,  178,  186,  202,
  208,  215,  222,  222,  220,  216,  213,  210,  210,  214,
  224,  236,  255,  274,  293,  310,  322,  322,  314,  310,
  299,  292,  290,  290,  289,  288,  288,  291,  301,  314,
  326,  335,  337,  340,  338,  340,  342,  346,  346,  341,
  329,  319,  308,  302,  290,  278,  272,  266,  255,  244,
  235,  229,  220,  203,  182,  156,  148,  148,  156,  180,
  213,  240,  263,  288,  311,  328,  340,  338,  323,  314,
  322,  339,  352,  356,  356,  353,  349,  345,  346,  341,
  336,  326,  318,  308,  303,  296,  289,  278,  269,  256,
  249,  244,  240,  236,  236,  246,  260,  276,  295,  316,
  332,  330,  320,  303,  281,  263,  250,  246,  250,  258,
  262,  268,  280,  285,  302,  322,  338,  344,  344,  334,
  321,  298,  275,  253,  238,  228,  222,  224,  230,  241,
  254,  274,  287,  304,  314,  313,  306,  302,  300,  296,
  292,  292,  292,  292,  292,  294,  296,  305,  313,  322,
  329,  333,  340,  337,  328,  320,  310,  303,  300,  290,
  273,  266,  274,  284,  290,  304,  316,  314,  306,  300,
  294,  290,  287,  288,  286,  284,  282,  280,  280,  282,
  286,  291,  302,  316,  335,  352,  359,  368,  371,  364,
  352,  343,  331,  319,  312,  303,  296,  290,  286,  281,
  284,  290,  299,  306,  312,  315,  312,  296,  282,  267,
  252,  236,  223,  214,  210,  200,  192,  184,  180,  181,
  180,  193,  216,  243,  264,  294,  312,  323,  322,  306,
  290,  280,  265,  243,  222,  212,  208,  207,  212,  216,
  221,  223,  219,  211,  206,  212,  222,  236,  271,  290,
  314,  339,  355,  353,  345,  339,  336,  336,  336,  340,
  336,  330,  330,  324,  318,  314,  310,  301,  294,  292,
  285,  273,  254,  239,  239,  251,  258,  256,  252,  252,
  256,  263,  274,  284,  286,  297,  293,  289,  284,  271,
  268,  274,  282,  290,  302,  317,  326,  338,  342,  339,
  331,  321,  309,  292,  256,  228,  198,  168,  144,  129,
  128,  134,  173,  231,  248,  267,  285,  296,  308,  325,
  332,  340,  344,  342,  346,  352,  354,  356,  354,  349,
  345,  340,  324,  315,  303,  290,  280,  270,  273,  286,
  302,  316,  326,  330,  325,  313,  308,  311,  314,  311,
  306,  304,  303,  301,  291,  274,  258,  246,  244,  250,
  257,  268,  275,  280,  281,  274,  267,  254,  236,  230,
  235,  236,  236,  238,  238,  246,  255,  264,  274,  288,
  300,  308,  308,  306,  305,  312,  316,  316,  309,  295,
  281,  262,  262,  228,  190,  156,  125,  112,  121,  165,
  200,  236,  251,  259,  269,  274,  280,  286,  290,  293,
  293,  293,  289,  284,  276,  273,  271,  267,  264,  272,
  277,  280,  278,  271,  257,  237,  227,  227,  235,  252,
  269,  294,  313,  334,  354,  372,  382,  384,  375,  364,
  355,  340,  322,  303,  280,  258,  255,  252,  261,  286,
  304,  322,  336,  342,  334,  318,  296,  278,  254,  230,
  213,  206,  210,  225,  235,  244,  250,  261,  264,  272,
  282,  296,  310,  315,  311,  301,  286,  260,  227,  190,
  183,  188,  195,  202,  212,  223,  236,  245,  254,  261,
  268,  274,  282,  285,  289,  292,  301,  312,  321,  336,
  345,  360,  370,  380,  390,  401,  397,  388,  383,  372,
  363,  354,  340,  328,  319,  300,  288,  286,  280,  270,
  266,  276,  286,  291,  300,  310,  324,  338,  345,  346,
  340,  329,  324,  326,  328,  326,  322,  316,  307,  292,
  282,  272,  263,  254,  252,  258,  265,  273,  272,  260,
  236,  224,  224,  230,  235,  244,  253,  261,  269,  275,
  284,  290,  283,  270,  262,  251,  235,  216,  192,  178,
  159,  146,  144,  153,  166,  179,  195,  205,  222,  226,
  216,  206,  195,  190,  183,  176,  183,  200,  204,  213,
  224,  233,  241,  244,  243,  233,  224,  208,  184,  186,
  188,  200,  205,  214,  224,  236,  248,  260,  274,  284,
  287,  285,  289,  297,  304,  311,  310,  304,  311,  311,
  313,  316,  324,  329,  332,  340,  348,  354,  354,  352,
  345,  345,  352,  358,  368,  374,  384,  397,  406,  415,
  412,  400,  390,  381,  373,  368,  363,  359,  360,  356,
  351,  348,  350,  352,  351,  348,  336,  314,  286,  263,
  236,  221,  215,  206,  218,  240,  254,  270,  276,  274,
  268,  260,  250,  239,  232,  242,  254,  271,  290,  300,
  303,  300,  295,  285,  272,  252,  230,  212,  195,  181,
  166,  148,  132,  122,  118,  119,  124,  146,  170,  184,
  206,  228,  255,  276,  282,  274,  260,  248,  234,  221,
  220,  224,  223,  214,  207,  215,  234,  247,  262,  264,
  257,  231,  225,  230,  240,  255,  274,  289,  304,  305,
  299,  284,  269,  254,  247,  242,  246,  300,  272,  289,
  306,  322,  338,  354,  354,  346,  341,  346,  350,  352,
  357,  358,  358,  364,  363,  358,  344,  334,  321,  313,
  306,  295,  294,  284,  272,  264,  260,  260,  256,  259,
  268,  280,  274,  264,  256,  249,  241,  234,  229,  226,
  231,  234,  236,  234,  232,  232,  238,  238,  232,  223,
  216,  211,  196,  188,  193,  196,  195,  200,  195,  208,
  226,  243,  262,  286,  302,  312,  311,  313,  318,  320,
  315,  309,  298,  290,  288,  291,  288,  286,  281,  274,
  268,  260,  264,  266,  266,  264,  260,  252,  238,  231,
  228,  233,  241,  251,  265,  287,  308,  324,  338,  336,
  324,  324,  326,  323,  324,  332,  334,  330,  325,  327,
  323,  312,  293,  283,  271,  262,  260,  260,  258,  252,
  251,  248,  246,  250,  259,  266,  278,  296,  315,  334,
  350,  368,  371,  363,  353,  345,  329,  314,  295,  276,
  272,  271,  271,  266,  262,  250,  247,  252,  264,  269,
  273,  274,  284,  282,  288,  301,  315,  329,  348,  369,
  382,  382,  374,  372,  376,  380,  375,  364,  351,  329,
  312,  298,  284,  266,  254,  248,  242,  241,  240,  236,
  235,  234,  231,  225,  221,  211,  206,  206,  210,  214,
  216,  215,  212,  205,  190,  187,  188,  193,  203,  215,
  232,  250,  269,  282,  290,  294,  304,  309,  310,  306,
  295,  276,  263,  252,  246,  238,  228,  216,  206,  195,
