Blsallfood <-
c( 1720, 1702, 1707, 1708, 1727, 1789,
   1829, 1880, 1920, 1872, 1811, 1771,
   1706, 1685, 1690, 1700, 1711, 1788,
   1819, 1919, 1914, 1867, 1804, 1776,
   1719, 1710, 1707, 1711, 1724, 1784,
   1827, 1936, 1921, 1853, 1820, 1778,
   1731, 1727, 1723, 1711, 1727, 1787,
   1817, 1916, 1900, 1844, 1795, 1758,
   1708, 1693, 1689, 1685, 1705, 1761,
   1811, 1898, 1895, 1816, 1783, 1744,
   1697, 1675, 1682, 1675, 1690, 1761,
   1785, 1862, 1860, 1803, 1747, 1707,
   1661, 1654, 1651, 1641, 1651, 1705,
   1738, 1811, 1821, 1786, 1749, 1711,
   1666, 1649, 1661, 1643, 1659, 1696,
   1722, 1822, 1828, 1767, 1707, 1660,
   1594, 1571, 1575, 1572, 1593, 1643,
   1681, 1780, 1791, 1742, 1692, 1655,
   1619, 1615, 1605, 1612, 1637, 1685,
   1728, 1813, 1817, 1754, 1710, 1672,
   1638, 1632, 1638, 1645, 1658, 1717,
   1747, 1829, 1840, 1765, 1725, 1698,
   1665, 1655, 1668, 1664, 1669, 1722,
   1749, 1823, 1830, 1774, 1746, 1724,
   1685, 1666, 1676, 1666, 1679, 1728,
   1750, 1829, 1835, 1782, 1736, 1706 )