Canadianlynx <-
c( 0.24300e+01,  0.25060e+01,  0.27670e+01,  0.29400e+01,  0.31690e+01,  0.34500e+01,  0.35940e+01,  0.37740e+01,  0.36950e+01,  0.34110e+01,
  0.27180e+01,  0.19910e+01,  0.22650e+01,  0.24460e+01,  0.26120e+01,  0.33590e+01,  0.34290e+01,  0.35330e+01,  0.32610e+01,  0.26120e+01,
  0.21790e+01,  0.16530e+01,  0.18320e+01,  0.23280e+01,  0.27370e+01,  0.30140e+01,  0.33280e+01,  0.34040e+01,  0.29810e+01,  0.25570e+01,
  0.25760e+01,  0.23520e+01,  0.25560e+01,  0.28640e+01,  0.32140e+01,  0.34350e+01,  0.34580e+01,  0.33260e+01,  0.28350e+01,  0.24760e+01,
  0.23730e+01,  0.23890e+01,  0.27420e+01,  0.32100e+01,  0.35200e+01,  0.38280e+01,  0.36280e+01,  0.28370e+01,  0.24060e+01,  0.26750e+01,
  0.25540e+01,  0.28940e+01,  0.32020e+01,  0.32240e+01,  0.33520e+01,  0.31540e+01,  0.28780e+01,  0.24760e+01,  0.23030e+01,  0.23600e+01,
  0.26710e+01,  0.28670e+01,  0.33100e+01,  0.34490e+01,  0.36460e+01,  0.34000e+01,  0.25900e+01,  0.18630e+01,  0.15810e+01,  0.16900e+01,
  0.17710e+01,  0.22740e+01,  0.25760e+01,  0.31110e+01,  0.36050e+01,  0.35430e+01,  0.27690e+01,  0.20210e+01,  0.21850e+01,  0.25880e+01,
  0.28800e+01,  0.31150e+01,  0.35400e+01,  0.38450e+01,  0.38000e+01,  0.35790e+01,  0.32640e+01,  0.25380e+01,  0.25820e+01,  0.29070e+01,
  0.31420e+01,  0.34330e+01,  0.35800e+01,  0.34900e+01,  0.34750e+01,  0.35790e+01,  0.28290e+01,  0.19090e+01,  0.19030e+01,  0.20330e+01,
  0.23600e+01,  0.26010e+01,  0.30540e+01,  0.33860e+01,  0.35530e+01,  0.34680e+01,  0.31870e+01,  0.27230e+01,  0.26860e+01,  0.28210e+01,
  0.30000e+01,  0.32010e+01,  0.34240e+01,  0.35310e+01 )
