LaborData <- c(                                                     
 5447, 5412, 5215, 4697, 4344, 5426, 5173, 4857, 4658, 4470, 4268, 4116, 
 4675, 4845, 4512, 4174, 3799, 4847, 4550, 4208, 4165, 3763, 4056, 4058, 
 5008, 5140, 4755, 4301, 4144, 5380, 5260, 4885, 5202, 5044, 5685, 6106, 
 8180, 8309, 8359, 7820, 7623, 8569, 8209, 7696, 7522, 7244, 7231, 7195, 
 8174, 8033, 7525, 6890, 6304, 7655, 7577, 7322, 7026, 6833, 7095, 7022, 
 7848, 8109, 7556, 6568, 6151, 7453, 6941, 6757, 6437, 6221, 6346, 5880 )

