locarData <- c(
 0.21232E+01,  0.47451E+00, -0.17100E-02, -0.84434E+00, -0.10876E+01, -0.84429E+00, -0.15320E+01, -0.21097E+01, -0.28282E+01, -0.30424E+01,
-0.31714E+01, -0.25042E+01, -0.40406E+01, -0.37741E+01, -0.24557E+01, -0.14803E+01, -0.11456E+01, -0.19861E+01, -0.24899E+01, -0.10926E+01,
 0.76909E+00,  0.44457E+00, -0.98272E+00, -0.60115E+00, -0.51100E-02, -0.75129E+00,  0.14737E+00,  0.25100E+01,  0.28413E+01,  0.22882E+00,
-0.14294E+01, -0.22658E+01, -0.20462E+01, -0.17189E+01,  0.31475E+00,  0.49432E+01,  0.74404E+01,  0.60316E+01,  0.44300E+01,  0.25392E+01,
 0.88116E+00,  0.99908E+00,  0.20893E+01,  0.14615E+01, -0.15465E+01, -0.39071E+01, -0.41050E+01, -0.45899E+01, -0.36374E+01, -0.25623E+01,
-0.28320E+01, -0.22083E+01, -0.12521E+01, -0.60346E+00,  0.15296E+01,  0.27190E+01,  0.22839E+01,  0.21644E+01,  0.22284E+01,  0.18323E+01,
 0.10191E+01,  0.53627E+00,  0.14400E+01,  0.27485E+01,  0.23344E+01,  0.29678E+01,  0.44569E+01,  0.44449E+01,  0.47612E+01,  0.57645E+01,
 0.48988E+01,  0.24701E+01,  0.30355E+01,  0.45397E+01,  0.25237E+01,  0.85361E+00,  0.37475E+00,  0.61676E+00,  0.38774E+00,  0.24211E+01,
 0.50219E+01,  0.59801E+01,  0.51236E+01,  0.41791E+01,  0.32537E+01,  0.74290E-01, -0.90402E+00,  0.11527E+01,  0.19298E+00, -0.38438E+01,
-0.52842E+01, -0.44210E+01, -0.42358E+01, -0.35756E+01, -0.68584E+00,  0.22025E+01,  0.67884E+00, -0.51910E-01, -0.26841E+00, -0.14454E+01,
-0.27263E+01, -0.10642E+01, -0.22906E+00,  0.14353E+01,  0.44310E+01,  0.56587E+01,  0.57044E+01,  0.49740E+01,  0.35969E+01,  0.32536E+01,
 0.15313E+01, -0.54363E+00,  0.17246E+01,  0.22281E+01,  0.11698E+01,  0.31331E+01,  0.37619E+01,  0.18702E+01, -0.63447E+00, -0.16734E+01,
-0.78362E+00,  0.18155E+00,  0.81437E+00,  0.29880E+01,  0.42316E+01,  0.27936E+01,  0.14584E+01,  0.69219E+00,  0.92169E+00,  0.50336E+00,
-0.14576E+00,  0.28626E+00, -0.21177E+00, -0.18325E+00,  0.83773E+00,  0.21403E+01,  0.32151E+01,  0.39073E+01,  0.17564E+01, -0.40430E-01,
-0.14468E+01, -0.30978E+01, -0.45090E+01, -0.34477E+01, -0.11195E+01,  0.69229E+00, -0.44579E+00, -0.81135E+00,  0.16924E+01,  0.16261E+01,
-0.40439E+00,  0.44632E+00,  0.25005E+01,  0.10500E+01,  0.18656E+01,  0.29493E+01,  0.38990E-01, -0.21080E+01, -0.23002E+01, -0.51056E+01,
-0.70257E+01, -0.67368E+01, -0.71630E+01, -0.67029E+01, -0.35206E+01, -0.91048E+00, -0.14017E+00,  0.21923E+01,  0.41561E+01,  0.35830E+01,
 0.11135E+01,  0.10722E+01,  0.56274E+00, -0.60720E-01,  0.10540E+01,  0.14742E+01,  0.87608E+00, -0.50290E-01, -0.46292E+00, -0.10444E+01,
-0.15323E+01, -0.19734E+01, -0.19980E+01, -0.14040E+01, -0.98567E+00, -0.13120E+01, -0.20757E+01, -0.89996E+00, -0.10235E+01, -0.86877E+00,
-0.58291E+00, -0.16572E+00,  0.28356E+00, -0.13699E+01, -0.20766E+01, -0.25061E+01, -0.34979E+01, -0.30414E+01, -0.22379E+01, -0.14656E+01,
 0.16544E+01,  0.27433E+01,  0.18284E+01,  0.19546E+01,  0.17829E+01,  0.28038E+01,  0.14874E+01, -0.18358E+00, -0.20454E+01, -0.51580E+01,
-0.59216E+01, -0.42272E+01, -0.31347E+01, -0.11411E+01,  0.74276E+00,  0.69111E+00,  0.17371E+00,  0.30344E+00, -0.96847E+00, -0.11461E+01,
 0.73357E+00,  0.19426E+01,  0.40275E+01,  0.56222E+01,  0.60117E+01,  0.64635E+01,  0.57200E+01,  0.31722E+01,  0.14605E+01, -0.14047E+01,
-0.33388E+01, -0.19739E+01,  0.75048E+00,  0.37720E+01,  0.57080E+01,  0.56570E+01,  0.27987E+01, -0.26068E+00, -0.10693E+01, -0.12593E+01,
-0.91699E+00,  0.16950E+01,  0.33184E+01,  0.37526E+01,  0.28199E+01,  0.52852E+00,  0.44112E+00,  0.18226E+00,  0.43381E+00,  0.16512E+01,
 0.19047E+01,  0.41794E+00, -0.74695E+00, -0.12674E+01, -0.11783E+01, -0.23962E+00, -0.36487E+00, -0.10150E+01, -0.25589E+01, -0.32584E+01,
-0.16839E+01, -0.20363E+01, -0.33336E+01, -0.38013E+01, -0.48810E+01, -0.70115E+01, -0.66677E+01, -0.53179E+01, -0.39982E+01, -0.27593E+01,
-0.76430E+00,  0.61031E+00,  0.16508E+01,  0.27397E+01,  0.21227E+01,  0.82413E+00,  0.17823E+01,  0.31185E+01,  0.10319E+01,  0.44284E+00,
 0.20106E+01, -0.29711E+00, -0.17797E+01, -0.26535E+01, -0.44488E+01, -0.49930E+01, -0.13722E+01,  0.28765E+01,  0.40531E+01,  0.41888E+01,
 0.37341E+01,  0.10123E+01, -0.48490E-01,  0.11352E+01,  0.13888E+01,  0.10163E+01,  0.13922E+01,  0.10181E+01, -0.12706E+01,  0.49050E-01,
 0.28326E+01,  0.26521E+01,  0.36238E+01,  0.47693E+01,  0.99788E+00, -0.37782E+01, -0.55912E+01, -0.57962E+01, -0.47187E+01, -0.82419E+00,
 0.30362E+01,  0.38098E+01,  0.34193E+01,  0.30633E+01,  0.10207E+00, -0.13569E+01, -0.57315E+00,  0.17041E+00, -0.13010E+00,  0.46305E+00,
 0.57370E-01, -0.89257E+00, -0.69259E+00,  0.41210E-01,  0.10538E+01,  0.28650E+01,  0.31371E+01,  0.17423E+01,  0.33408E+01,  0.35503E+01,
 0.17936E+01,  0.18962E+01,  0.37921E+01,  0.40597E+01,  0.21531E+01,  0.11832E+01,  0.20175E+00, -0.17523E+00,  0.45884E+00, -0.33998E+00,
-0.34732E+00,  0.70966E+00,  0.28029E+00, -0.81689E+00, -0.17065E+01, -0.23841E+01, -0.45573E+01, -0.43359E+01, -0.39757E+01, -0.28036E+01,
-0.72917E+00, -0.21099E+00, -0.33812E+00,  0.38755E+00,  0.73656E+00,  0.15580E-01,  0.29561E+00,  0.24164E+01,  0.27155E+01,  0.22664E+01,
 0.25401E+01,  0.29552E+01,  0.16478E+01,  0.67895E+00,  0.15853E+01, -0.20539E+00, -0.22975E+01, -0.15602E+01,  0.16891E+00,  0.87486E+00,
 0.58779E+00,  0.13468E+01,  0.48464E+00, -0.10825E+01, -0.19219E+01, -0.32107E+01, -0.45300E+01, -0.19356E+01,  0.86894E+00,  0.32397E+00,
-0.78359E+00, -0.70134E+00, -0.25998E+01, -0.44587E+01, -0.13451E+01,  0.24063E+01,  0.39978E+01,  0.66603E+01,  0.52073E+01,  0.10280E-01,
-0.29285E+01, -0.42959E+01, -0.53644E+01, -0.29264E+01,  0.16018E+01,  0.25112E+01,  0.30417E+01,  0.40855E+01,  0.20552E+01, -0.91705E+00,
-0.17546E+01, -0.23059E+01, -0.28742E+01, -0.24611E+01, -0.19649E+01, -0.29445E+01, -0.49109E+01, -0.66890E+01, -0.60487E+01, -0.40107E+01,
-0.27389E+01, -0.25226E+01, -0.16680E+01, -0.12292E+00,  0.15090E+01,  0.13531E+01,  0.96067E+00,  0.65678E+00, -0.14941E+00,  0.40654E+00,
 0.11915E+01,  0.12979E+01,  0.27594E+01,  0.38072E+01,  0.82062E+00, -0.14616E+00,  0.56445E+00, -0.15341E+01, -0.29392E+01, -0.34430E-01,
 0.13394E+01, -0.34905E+00,  0.96274E+00,  0.18512E+01, -0.19664E+00, -0.18437E+01, -0.63209E+00, -0.12943E+01, -0.23742E+01, -0.44357E+00,
-0.38785E+00, -0.28229E+01, -0.12464E+01,  0.20253E+01,  0.24906E+01,  0.14951E+01,  0.31615E+01,  0.14374E+01, -0.20224E+01, -0.17221E+01,
-0.93806E+00, -0.23118E+01, -0.20556E+01, -0.89757E+00, -0.12143E+01, -0.20192E+01, -0.55518E+00, -0.98174E+00, -0.90652E+00,  0.15837E+01,
 0.10687E+01,  0.14387E+01,  0.43464E+01,  0.50423E+01,  0.30744E+01,  0.41017E+01,  0.15820E+01, -0.19788E+01, -0.14845E+01, -0.72114E+00,
-0.17572E+01, -0.78170E-01,  0.38380E-01, -0.19383E+01, -0.11083E+01,  0.20812E+01,  0.23072E+01,  0.19481E+01,  0.23170E+01,  0.23319E+00,
-0.15642E+01, -0.25626E+01, -0.25176E+01, -0.38839E+01, -0.49541E+01, -0.35618E+01, -0.25752E+01, -0.17620E+01, -0.13164E+01, -0.14521E+01,
-0.15164E+01, -0.12435E+01, -0.33419E+00,  0.10726E+01,  0.31957E+00, -0.17817E+00, -0.44265E+00, -0.17533E+01, -0.27862E+01, -0.67043E+00,
 0.19937E+01,  0.27335E+00, -0.44323E+00,  0.61213E+00, -0.96147E+00, -0.24286E+01,  0.10454E+01,  0.49832E+01,  0.58430E+01,  0.67043E+01,
 0.49056E+01, -0.11115E+00, -0.42396E+01, -0.45509E+01, -0.28420E+01, -0.33752E+00,  0.11703E+01,  0.20529E+01,  0.14217E+01,  0.71480E-01,
-0.16108E+00, -0.10602E+01, -0.26509E+00,  0.29849E+01,  0.23934E+01, -0.76810E-01,  0.24055E+00,  0.54719E+00,  0.36336E+00,  0.44682E+01,
 0.74858E+01,  0.56569E+01,  0.37605E+01,  0.40142E+01,  0.17751E+01, -0.79662E+00, -0.19207E+01, -0.26013E+01, -0.34211E+01, -0.22944E+01,
-0.96203E+00, -0.12799E+01, -0.14749E+01, -0.24096E+01, -0.31221E+01, -0.27273E+01, -0.28865E+01, -0.29953E+01, -0.12526E+01,  0.10931E+01,
 0.25173E+01,  0.18346E+01,  0.28224E+00,  0.18124E+00,  0.31400E-01,  0.20074E+01,  0.40952E+01,  0.30277E+01,  0.14903E+01,  0.70693E+00,
-0.23821E+01, -0.25325E+01, -0.20123E+01, -0.41759E+01, -0.41776E+01, -0.97520E-01,  0.24124E+01,  0.22578E+01,  0.33899E+01,  0.34843E+01,
