MYE1F <- c(
   -1,  -1,  -1,  -1,   0,  -1,   0,   0,  -1,   0,
   -1,   0,  -1,  -1,  -2,   0,  -2,  -2,  -2,  -1,
   -2,  -2,  -2,  -1,  -1,  -2,  -1,  -1,  -2,  -1,
   -1,  -3,  -1,  -1,   0,  -1,  -1,   1,   1,  -1,
    0,   1,   0,  -1,  -1,  -1,   0,   0,  -2,  -2,
   -3,  -1,  -2,  -2,  -3,  -3,  -2,  -1,  -2,  -2,
   -3,  -1,   1,  -1,  -1,  -2,   1,   0,   1,   0,
   -3,  -1,   2,   2,  -1,  -1,   0,   3,   0,  -1,
    2,   0,   0,   0,   1,  -1,   0,   1,   0,   0,
    0,  -2,   0,   0,  -1,  -3,   0,  -1,  -2,  -4,
   -2,  -3,  -4,  -2,  -4,  -5,  -4,  -2,  -2,  -4,
   -7,  -3,  -3,  -3,  -4,  -5,  -6,  -1,  -2,  -3,
   -5,  -4,   0,   0,  -2,  -2,   0,   0,   0,   1,
   -1,   0,   3,   2,   2,   1,   3,   3,   2,   2,
    1,   1,   2,   2,   0,   1,  -1,   0,   0,   1,
   -1,  -1,  -2,  -1,  -2,  -3,  -3,  -3,  -3,  -3,
   -5,  -4,  -3,  -3,  -2,  -3,  -4,  -3,  -1,  -1,
   -3,  -1,   0,  -1,   0,  -1,  -1,   1,   0,  -1,
    0,   1,   0,   0,   1,   0,   2,   0,   1,   0,
    0,   1,   2,   2,   0,   0,   1,   2,   0,  -1,
   -1,   0,  -1,  -2,  -1,  -1,  -2,  -2,  -2,  -2,
   -2,  -1,  -2,  -3,  -4,  -3,  -2,  -2,  -3,  -4,
   -2,  -3,  -2,  -3,  -3,  -2,  -1,  -2,  -1,  -1,
   -1,  -1,  -2,  -1,  -1,  -2,  -2,  -1,  -2,  -1,
   -1,  -2,  -2,  -2,  -1,  -1,  -2,  -2,  -1,  -2,
   -1,  -1,  -3,  -2,   0,  -1,  -1,   0,  -1,   0,
    0,  -1,   0,  -1,   0,   1,  -2,  -1,   0,   1,
   -1,  -2,   0,   0,   1,   0,   1,  -1,   1,   2,
    0,   1,   2,  -1,  -1,   1,   0,  -2,  -1,   0,
   -1,  -3,  -2,  -1,  -3,  -2,  -2,  -2,  -3,  -2,
   -3,  -2,  -2,  -1,  -3,  -2,  -2,  -1,  -2,  -1,
    1,  -1,   0,   1,   2,  -1,   0,   0,  -1,  -1,
    1,  -1,  -1,  -1,  -1,   0,  -1,  -2,  -2,  -2,
   -2,  -1,  -4,  -3,  -3,  -2,  -3,  -2,  -3,  -3,
   -2,  -1,  -2,  -3,  -2,   0,  -2,  -3,  -2,  -3,
   -2,  -3,  -2,  -3,  -2,  -2,  -1,  -2,  -1,   0,
    0,   0,  -1,   0,   0,   1,   1,   0,   0,   1,
    0,  -1,  -1,   0,  -1,   0,   0,  -1,  -1,   0,
   -1,  -1,  -1,   0,   0,  -2,   0,   0,   0,   0,
    0,   0,  -1,  -1,   0,   1,  -1,   1,   0,   0,
   -1,   0,  -2,  -2,  -2,  -2,  -1,  -3,  -4,  -3,
   -3,  -4,  -2,  -2,  -4,  -4,  -1,  -2,  -3,  -3,
   -2,  -2,  -3,   0,   0,  -1,   0,   2,   1,   2,
    1,   1,   0,   1,   0,   1,   0,   0,   1,   1,
    0,  -1,   0,   0,  -1,  -2,   0,  -1,  -1,  -1,
   -1,  -1,  -1,   0,   0,  -1,   0,  -1,  -1,  -1,
   -1,  -1,  -1,  -2,  -3,  -3,  -3,  -2,  -3,  -3,
   -3,  -1,  -3,  -3,  -3,  -4,  -3,  -4,  -4,  -4,
   -2,  -1,  -4,  -2,  -1,  -2,  -2,  -2,  -2,  -3,
    0,  -2,  -3,  -2,  -1,  -4,  -3,  -1,  -2,  -3,
   -1,   0,  -2,   0,  -1,  -2,  -2,  -1,  -2,  -1,
   -2,  -2,   0,  -1,  -1,  -2,  -1,  -1,   0,   0,
   -1,   0,  -1,   1,  -1,  -1,   0,   1,   1,   0,
    1,   2,   2,   2,   1,   1,   1,   2,   2,   2,
    1,   2,   1,   1,   1,   1,   1,  -1,   0,   0,
    0,  -1,  -1,  -2,  -1,   1,   0,  -2,  -1,  -1,
   -1,   0,  -1,  -1,  -2,   0,  -1,   0,  -2,  -2,
   -1,  -1,  -2,  -4,  -4,  -3,  -4,  -4,  -4,  -5,
   -4,  -4,  -4,  -4,  -4,  -3,  -3,  -3,  -3,  -3,
   -3,  -2,  -2,  -1,  -1,  -1,  -2,  -1,  -1,   0,
   -1,  -1,   0,   1,  -1,  -1,   0,  -1,  -1,  -2,
   -3,  -1,  -1,  -1,  -2,  -2,  -2,  -1,  -3,  -1,
   -2,  -2,  -3,  -3,  -4,  -3,  -4,  -5,  -3,   0,
    1,   0,   0,   3,  12,  12,   2,  -6,  12,  20,
   -8, -21,   7,  14, -12, -14,   7,  10,  -7, -12,
    6,  19, -11, -25,  12,  25, -11, -24,   7,  18,
   -7, -16,   5,   4, -15,  -8,  24,   1, -18,  -5,
    8,  -1,  -7,  -9,   0,   1, -11, -18,  -2,   6,
   -7, -13,   5,  11, -13, -18,   7,  13,   0,  -1,
   14,   7,  -9, -12,   0,  -2,  -3,   6,   0,  -5,
    6,   3,   2,   6,   2,  -6,  -3,   4,  -2,  -4,
    0,  -8, -14,   0,   6,   1,   5,   5,  -5,  -8,
   -2,   1,  -2,  -3,  -6,  -7,  -2,   1, -10,  -8,
    6,   5,  -9,  -7,   4,   2,  -1,   2,  -4,  -8,
   -1,  12,   4,  -6,  -8,   1,   6,  -5, -18,  -6,
    7,   1,  -1,  12,  19,   5,  -8,   0,   1, -11,
   -1,  13,   5, -11,   0,  13,   9,  -6, -13,  -6,
   -4,   0,   5,  -4,   0,  11,   5, -12, -15,  -6,
    6,   7,   2,  -5,   3,   3,  -9,  -9,  -7,  -9,
   -2,   9,   6, -12, -17,  -2,   6,   2,   2,  -5,
  -14,  -1,  11,  -3, -12,  -1,   6,  -4,  -4,   6,
    0, -10,  -6,  -1,   0,  -2,  -3,   1,   4,   8,
   -3, -13, -18,  -7,   8,   6,  -5,  -3,   3,   7,
    0,  -7,   5,  12,  -1,  -6,  11,  11, -13,  -6,
    6,  -3, -11,   8,   5, -11,  -4,  16,   7, -19,
  -11,  14,   4, -15,  -9,   2,   7,   3,  -3, -11,
   -3,   7,  10,   3,  -4, -13,  -9,   3,  15,  10,
  -12, -11,   1,   1,  -4,   3,   4,  -5,  -3,   8,
    4, -12, -12,  15,  18,   0,  -4,   3,  -3, -11,
   -9,  -1,  -7,  -7,   6,  11,   1,  -4,  -1,  -1,
   -4,  -4,   3,   8,  -3,  -6,  -3, -11,  -8,   5,
    2,  -6,  -7,  -8,   1,  11,  -9, -17,  11,  21,
  -11, -20,   3,   6,  -9,  -2,  15,   7, -23, -15,
   13,  11,  -7,  -6,  -3,  -8, -14,  -2,  12,  -3,
  -15,  -6,   0,   3,   6, -10, -17,   5,  19,  10,
    5,   3,  -8, -24,  -7,  11,   2,  -3,  11,  15,
   -3, -16,   4,  10,   3,  -4,  -2,   1,   0,   2,
    9,  -5, -17,  -4,  10,   5,  -1,  -4,  -2,   6,
   -2,   0,   8,  -4, -13, -11,  -3,  -3,   1,   4,
    0,  -6,   7,  20,   1, -22,  -6,   7,   4,  -3,
    4,   3, -11,  -7,   7,  -2, -11, -12,  -5,   4,
    1, -10,  -6,   7,  18,   5,  -7,  -7,  -8, -10,
  -12,  -8,   2,  11,   1, -20,  -1,  24,   1, -37,
  -41, -14,   5,  10,  26,  42,  25, -19, -41, -38,
  -28,   0,  28,  23,   6,  -2, -28, -47, -13,  33,
   34,  22,  21,  15, -16, -36, -36, -30,  -8,  13,
   17,  16,  22,  14,  -9, -12,  -4,  -1,   0,   1,
    6,   5,  -2, -22, -26, -14, -13, -20, -15,  12,
   42,  32,  -4, -15, -10, -19, -23,  -8, -15, -29,
   -7,  12,  17,  24,  31,  17,  -2,  -7, -10, -25,
  -16,   5,  16,   7,   0,  10,  19,  -5, -23,  -2,
    3,  -7,   3,  24,  21,  13,   6, -12, -25,  -8,
   -2, -18, -24,  -8,   2,  18,  28,  14,  -1,  -7,
  -14,  -3,  14,  -5, -22,  -6,  15,  14,   6,  -2,
  -13, -19, -10,  -2,   3,   1,  -6,  -1,  11,  15,
    3, -14, -16,  -5, -12, -20,   6,  35,  26,   4,
   -6,  -8, -11, -13, -10,   3,   2, -18, -21,   6,
   28,  23,   7, -19, -36, -30, -20,  -9,  18,  26,
    1, -16,  -1,   8,   2, -10, -19, -10,   7,  11,
    8,   3,  -4,  -2,   9,   3, -19, -24,  -8,  11,
   20,  15,  -2, -10,  -4,  -2, -10,  -5,   7,   3,
    3,  21,  30,  13,  -3,  -9, -22, -23,   2,  21,
   19,   6,  -5,  -9,   0,  19,  24,   6, -22, -33,
  -16,  12,  10,   4,  13,  15,  -3, -19, -26, -26,
   -9,   5,   4,  -4,   5,  16,  -1, -23, -13,  -3,
   -6,  -1,   8,  10,   6,   3,  -2,  -6,  -8,  -1,
   -5, -10, -10,   7,  11, -10, -19,  -7,   0,   8,
    9, -12, -20,   7,  20,  -9, -24,   5,  30,  21,
   -3, -19, -19, -10,   0,   1,   2,  -1,   9,  18,
    1, -19, -21, -11,   3,  12,  12,  11,   9,  10,
    5,  -8, -17,  -3,   3, -18, -22,   1,  11,   0,
  -10,   2,  14,   9,  -1,  -7, -14, -16,  -5,  14,
   26,  16,  10,   4, -10, -20, -13,   3,  13,   1,
    2,  12,   8,  -1, -15, -36, -33,  -9,   8,  -3,
   -5,  14,  16,  -1, -18, -16,   0,  15,   9,  -4,
  -10,  -6,   3,  10,   2, -19, -14,  12,  21,   3,
   -7,   0,   2,  -4,  -3,  -2,   0,   0,   9,  -1,
  -25, -19,   6,  10,  -1,   1,  17,  12,  -2, -10,
   -8,  -6,   0,   8,   3, -10,  -6,   5,   4,  -4,
  -17, -14,  10,  16,  -1,  -4,   9,  14,   5, -14,
  -26, -29, -25, -14,   1,  16,  20,  11,   3,  -4,
  -13,  -8,   9,   6,  -1,   9,  10,   0,  -4,  -4,
   -5, -11,  -9,   2,   7,   1,   2,   1,   3,   9,
    2,  -6,  -9,  -7,  -7,  -6,   1,   8,  -2,  -6,
    8,  16,   6,  -4,  -8, -11,  -9,   8,  17,   9,
   -3,  -6,  -1,  -6, -15, -16,  -9,   6,  20,  10,
   -5,  -4,   6,  -2, -10,  -7,  -6,  -1,   6,   2,
   -2,  -5,  -1,   2, -12, -11,   3,  12,   6,  -4,
  -12,  -8,   0,   7,   1,  -6,  -5,   4,  12,  17,
    4, -14, -14,  -3,   0,  -5,  -9,  -8,  -6,  -3,
   -3,  -8,   4,  18,  11,  -5,  -3,   3,   6,   0,
  -11, -12,  -7,   0,   6,   5,  -3, -11,  -8,   1,
    2,  -2,  -8,  -9,   1,   9,   5, -11, -17,  -3,
