nonstData <-
c(0.400,   1.900,   4.400,   3.900,   3.900,  -0.100,  -2.100,  -2.600,  -3.600,  -4.100,
  -3.100,  -3.600,  -4.100,  -2.100,   0.900,   3.400,   6.900,   8.400,   4.900,   4.400,
   1.400,   1.400,   0.900,   0.400,  -1.100,  -1.100,  -0.100,   0.900,   4.900,   5.400,
   2.400,  -2.100,  -4.600,  -5.600,  -3.600,  -3.600,  -3.100,  -0.600,   3.900,   5.400,
   4.900,   3.900,   0.900,  -1.100,  -2.600,  -3.600,  -3.600,  -4.600,  -2.100,  -1.600,
   2.900,   4.900,   3.400,   2.900,  -0.100,  -2.100,  -2.600,   0.400,   0.400,   1.400,
   3.400,   4.900,   4.900,   2.900,  -0.100,  -2.100,  -3.100,  -2.600,  -2.100,  -1.600,
   1.900,   3.900,   3.900,   4.900,   1.900,  -2.100,  -4.100,  -5.100,  -3.600,  -2.600,
  -2.100,   1.900,   4.900,   3.900,   2.900,   0.400,  -2.100,  -3.100,  -2.600,  -1.600,
   0.400,   1.400,   3.900,   8.400,   5.900,   0.900,  -3.100,  -6.100,  -5.100,  -4.100,
  -2.100,   2.400,   4.900,   6.900,   7.900,   5.900,   2.900,  -0.100,  -4.600,  -5.100,
  -6.600,  -6.600,  -3.100,  -2.600,   0.900,   3.900,   6.400,   4.900,  -0.100,  -2.100,
  -5.100,  -6.600,  -5.100,  -6.100,  -0.100,   3.400,   5.900,   8.400,   7.900,   1.900,
  -4.100,  -6.600,  -7.600,  -7.100,  -6.100,  -4.600,  -2.100,   0.900,   1.400,   2.400,
   1.900,  -1.100,  -3.100,  -3.600,  -4.100,  -3.600,  -3.100,  -2.600,  -2.600,   4.900,
   2.900,   1.400,   1.400,  -2.100,  -2.600,  -3.100,  -4.100,  -1.600,  -0.600,  -0.100,
   0.900,  -1.600,  -0.600,   0.400,  -1.100,  -3.100,  -2.100,  -0.600,  -0.100,   0.900,
   2.900,   2.900,   3.400,   3.400,   2.400,   0.900,  -1.100,  -3.600,  -1.600,  -1.100,
  -0.100,   0.900,   2.400,   3.900,   3.400,   1.400,  -2.600,  -5.100,  -3.600,  -2.600,
   0.400,  -0.100,   0.900,   2.900,   1.400,  -0.100,  -3.100,  -4.100,  -3.600,  -0.100,
   0.400,  -0.100,  -0.100,  -1.100,  -3.100,  -4.100,  -4.600,  -4.600,  -4.600,  -2.100,
  -1.100,   1.400,   5.400,   4.900,   4.900,   0.400,  -2.600,  -4.100,  -4.600,  -5.100,
  -3.600,  -1.600,   0.900,   1.900,   0.400,  -1.100,  -1.100,  -1.600,  -2.100,  -3.100,
  -2.100,  -1.100,  -0.100,   2.900,   5.900,   4.900,   2.900,   1.900,  -0.100,  -2.100,
  -0.600,  -1.600,  -3.100,  -2.100,  -2.600,  -3.100,  -1.600,  -0.600,  -1.600,  -1.600,
  -2.100,  -3.600,  -1.100,  -1.600,  -1.600,  -2.600,  -2.600,  -1.600,  -0.100,   1.400,
   0.400,  -0.100,  -1.100,  -0.100,   1.400,   1.400,   1.900,  -0.600,   0.900,   0.400,
   1.900,   0.900,  -1.600,  -3.100,  -0.100,   4.400,   2.400,   0.900,  -1.100,  -0.100,
  -0.600,  -0.600,  -2.100,  -0.600,   1.400,   2.400,   4.900,   3.900,   2.900,  -0.100,
  -1.100,  -0.600,   0.400,  -0.100,   1.900,   3.400,   6.400,   8.900,   9.900,   7.400,
   1.900,  -2.100,  -2.600,  -2.100,   0.900,   2.400,   3.900,   5.900,   9.400,   9.900,
   6.900,   1.400,  -1.100,  -2.600,  -3.100,  -2.100,  -1.600,  -1.100,  -0.100,   1.900,
   4.900,   5.400,   5.900,   0.400,  -2.100,  -2.600,  -4.100,  -3.100,   0.900,   3.900,
   6.400,   6.900,   4.900,   3.400,   2.400,  -0.100,  -2.100,  -0.100,   1.400,   1.900,
   2.900,   0.400,   3.400,   3.900,  -1.100,  -3.600,  -5.100,  -7.100,  -4.100,  -0.100,
   2.400,   4.400,   4.900,   3.900,   5.900,   4.400,   1.900,  -2.100,  -4.600,  -5.100,
  -5.600,  -5.100,  -2.100,   4.900,   7.900,   5.900,   7.400,   2.900,  -3.100,  -6.600,
  -8.600,  -9.100,  -5.100,   0.900,   2.900,  -0.100,  -0.600,  -2.100,  -2.600,  -1.600,
  -3.100,  -2.100,  -1.600,  -0.600,  -2.100,   2.900,   6.400,   7.900,   3.900,   0.900,
  -1.600,  -3.100,  -3.600,  -3.100,  -2.100,  -1.600,  -0.100,   1.400,   0.400,   1.900,
   0.900,  -0.100,  -1.600,  -2.100,  -1.100,  -0.600,  -1.600,  -2.100,  -2.100,  -0.600,
   0.900,   2.900,   4.400,   3.900,   1.900,   2.400,  -0.100,  -1.600,  -2.600,  -4.600,
  -3.600,  -3.100,  -1.600,  -0.100,   1.400,  -0.100,  -1.600,  -3.100,  -4.600,  -5.600,
  -4.600,  -2.600,  -2.600,  -1.600,  -0.600,  -0.100,   0.900,   1.900,   0.400,  -2.100,
  -5.100,  -4.600,  -3.100,  -1.600,  -0.100,   1.900,   4.900,   7.900,   9.900,   8.400,
  -0.100,  -5.100,  -8.600,  -9.100,  -8.600,  -5.100,  -0.100,   2.900,   3.900,   3.900,
   4.900,   4.900,  -0.100,  -0.600,  -1.600,  -1.100,  -2.100,  -2.600,   3.400,   4.900,
   6.900,   6.400,   4.900,   2.900,  -1.100,  -1.100,  -0.100,   4.900,   4.900,   2.400,
  -0.600,  -2.100,  -1.600,  -0.600,   0.400,   0.900,   0.900,   2.400,   4.900,   6.900,
   9.400,   8.900,   5.400,   3.900,   1.900,   0.900,   2.900,   2.900,   1.900,   3.400,
   3.400,   1.900,  -1.100,  -2.100,  -1.100,  -3.100,  -2.100,  -1.100,  -0.600,   2.400,
   5.400,   5.900,   6.400,   3.900,   1.900,  -1.100,  -3.600,  -3.100,  -2.600,  -1.100,
   1.900,   5.900,   6.900,   7.400,   7.400,   1.900,  -0.100,  -3.100,  -4.600,  -4.100,
  -1.100,   2.400,   2.900,   5.900,   6.900,   8.400,   6.900,   1.400,  -2.100,  -5.100,
  -6.100,  -4.600,  -3.100,  -1.600,  -0.100,   2.900,   5.900,   4.400,  -0.100,  -5.100,
  -7.100,  -8.600,  -9.100,  -6.100,  -2.100,  -1.100,  -0.100,   1.400,   2.900,   1.400,
   1.900,  -4.600,  -6.100,  -2.100,  -0.100,   0.400,   1.900,   1.400,  -1.100,  -1.100,
  -0.100,  -1.100,  -2.100,  -3.100,  -2.600,  -2.100,  -1.600,  -2.100,  -5.100,  -4.600,
  -1.100,   7.900,   9.400,   8.900,   0.900,   1.900,   3.900,   3.400,   1.900,   1.400,
   1.900,   2.400,   3.900,   5.400,   5.900,   4.400,   0.400,  -2.100,  -4.100,  -6.100,
  -5.100,  -2.600,   3.900,   5.400,   6.400,   7.900,   8.400,   8.400,   4.400,  -1.600,
  -3.600,  -5.600,  -4.100,  -2.100,  -0.100,   3.900,   6.900,   9.900,  12.900,  13.900,
   9.900,   0.900,  -1.100,  -3.600,  -2.100,  -0.100,   0.400,   2.400,   4.900,   8.900,
  10.900,  10.400,   0.900,  -2.100,  -6.600,  -8.100,  -7.100,  -5.600,  -4.100,   3.400,
   6.900,   7.900,   8.400,   4.900,  -0.100,  -2.100,  -3.100,  -5.100,  -3.100,   2.400,
   4.900,   5.400,   4.400,   2.900,   0.900,   0.900,  -0.600,  -1.600,   0.400,   1.900,
   2.400,   3.400,   3.400,   0.900,   0.400,  -0.600,   1.400,   0.400,   0.400,  -0.600,
  -0.100,  -0.600,   0.400,   1.400,   1.900,   0.900,  -0.100,  -0.100,  -0.600,  -1.100,
  -0.100,   2.400,   2.900,   3.400,   5.900,   6.900,   4.900,  -0.600,  -3.100,  -2.600,
  -3.100,  -3.600,  -4.100,  -5.100,  -3.600,   0.900,   1.900,   0.900,  -2.100,  -4.100,
  -2.100,  -0.600,  -0.100,   0.400,   1.400,   2.900,   4.900,   6.400,   4.900,   0.900,
  -1.600,  -3.600,  -5.100,  -4.100,  -2.100,   1.400,   2.900,   4.400,  -0.600,  -2.600,
  -5.100,  -4.600,  -5.100,  -2.600,  -0.100,   1.900,   2.900,   4.900,   2.400,   1.400,
  -1.600,  -2.100,  -2.600,  -1.600,  -1.100,  -0.100,   0.400,   1.900,   3.900,   3.400,
  -0.100,  -4.100,  -3.100,  -3.600,  -3.100,  -3.100,  -1.600,   0.900,   4.400,   6.400,
   6.900,   3.400,  -1.600,  -6.100,  -5.600,  -5.100,  -5.100,  -4.100,  -2.600,  -1.100,
   0.900,   2.400,   2.900,   2.400,   1.400,  -1.100,  -1.600,  -2.100,   0.400,   1.400,
   2.400,   5.900,   6.900,   4.900,  -0.100,  -3.100,  -3.600,  -4.600,  -3.100,  -1.600,
   0.400,  -0.100,  -1.100,   1.900,   2.400,  -0.100,  -1.100,  -2.100,  -3.100,  -4.100,
  -0.100,   2.400,   4.400,   5.400,   2.400,  -1.100,  -2.600,  -3.600,  -5.600,  -6.100,
  -5.600,  -5.100,  -0.600,   1.900,   0.900,   1.900,   0.400,  -0.600,  -1.100,  -1.600,
  -1.100,  -1.100,   0.400,   0.900,   3.400,   3.900,   4.400,   0.900,  -2.100,  -4.100,
  -4.600,  -4.100,  -4.100,  -3.600,  -1.100,  -0.600,  -0.100,  -0.600,  -3.600,  -4.100,
  -3.100,  -4.100,  -4.100,  -3.100,  -1.100,  -0.100,   0.400,   0.400,   1.400,  -0.600,
  -2.100,  -4.600,  -5.100,  -3.100,   0.400,   2.400,   2.900,   1.900,   1.400,  -0.100,
  -2.600,  -4.100,  -4.600,  -3.100,  -4.100,  -0.600,   2.400,   3.900,   1.900,   1.900,
  -1.100,  -3.100,  -5.100,  -4.100,  -2.100,  -1.100,  -0.100,   1.900,   3.900,   2.900,
