Powerplant <-
c( 749.0, 752.0, 755.0, 757.0, 758.0, 757.0, 757.0, 755.0, 751.0, 749.0, 746.0, 748.0, 749.0, 748.0, 748.0, 749.0, 750.0, 754.0, 758.0, 762.0,
  766.0, 770.0, 773.0, 775.0, 773.0, 769.0, 763.0, 758.0, 753.0, 749.0, 743.0, 738.0, 733.0, 731.0, 728.0, 729.0, 732.0, 738.0, 743.0, 747.0,
  746.0, 742.0, 737.0, 734.0, 732.0, 729.0, 724.0, 717.0, 710.0, 705.0, 702.0, 703.0, 706.0, 708.0, 708.0, 709.0, 710.0, 712.0, 714.0, 716.0,
  716.0, 713.0, 713.0, 713.0, 714.0, 716.0, 719.0, 722.0, 724.0, 725.0, 727.0, 730.0, 735.0, 739.0, 744.0, 750.0, 754.0, 757.0, 759.0, 757.0,
  756.0, 755.0, 755.0, 756.0, 757.0, 759.0, 761.0, 762.0, 762.0, 763.0, 761.0, 757.0, 753.0, 750.0, 747.0, 744.0, 741.0, 739.0, 739.0, 736.0,
  730.0, 724.0, 722.0, 721.0, 723.0, 725.0, 726.0, 727.0, 728.0, 729.0, 732.0, 736.0, 741.0, 745.0, 750.0, 753.0, 756.0, 758.0, 759.0, 760.0,
  761.0, 760.0, 759.0, 759.0, 758.0, 756.0, 756.0, 757.0, 761.0, 764.0, 768.0, 773.0, 780.0, 787.0, 793.0, 799.0, 804.0, 809.0, 811.0, 811.0,
  812.0, 812.0, 813.0, 812.0, 809.0, 803.0, 796.0, 790.0, 784.0, 780.0, 778.0, 779.0, 781.0, 783.0, 782.0, 781.0, 780.0, 781.0, 782.0, 784.0,
  787.0, 786.0, 783.0, 780.0, 780.0, 778.0, 776.0, 773.0, 768.0, 762.0, 753.0, 747.0, 741.0, 739.0, 740.0, 742.0, 742.0, 743.0, 743.0, 742.0,
  738.0, 734.0, 729.0, 725.0, 721.0, 717.0, 712.0, 708.0, 708.0, 710.0, 713.0, 717.0, 720.0, 723.0, 724.0, 724.0, 725.0, 725.0, 724.0, 722.0,
  721.0, 721.0, 722.0, 724.0, 727.0, 730.0, 733.0, 736.0, 736.0, 734.0, 730.0, 726.0, 723.0, 720.0, 721.0, 720.0, 717.0, 716.0, 715.0, 716.0,
  716.0, 718.0, 719.0, 719.0, 719.0, 719.0, 718.0, 719.0, 720.0, 721.0, 723.0, 724.0, 724.0, 722.0, 721.0, 720.0, 721.0, 724.0, 727.0, 729.0,
  732.0, 735.0, 737.0, 740.0, 742.0, 744.0, 748.0, 751.0, 756.0, 761.0, 762.0, 763.0, 764.0, 765.0, 766.0, 766.0, 765.0, 765.0, 766.0, 766.0,
  765.0, 765.0, 766.0, 765.0, 763.0, 761.0, 760.0, 757.0, 754.0, 751.0, 747.0, 741.0, 735.0, 728.0, 723.0, 721.0, 720.0, 717.0, 713.0, 709.0,
  709.0, 710.0, 712.0, 714.0, 716.0, 716.0, 718.0, 720.0, 721.0, 724.0, 726.0, 728.0, 730.0, 733.0, 734.0, 734.0, 737.0, 744.0, 750.0, 753.0,
  755.0, 754.0, 753.0, 752.0, 752.0, 752.0, 750.0, 747.0, 745.0, 745.0, 746.0, 749.0, 751.0, 754.0, 757.0, 761.0, 765.0, 768.0, 768.0, 765.0,
  762.0, 760.0, 761.0, 761.0, 761.0, 758.0, 757.0, 755.0, 753.0, 750.0, 748.0, 747.0, 744.0, 742.0, 741.0, 741.0, 742.0, 745.0, 748.0, 750.0,
  750.0, 750.0, 751.0, 753.0, 757.0, 760.0, 764.0, 768.0, 773.0, 773.0, 772.0, 772.0, 778.0, 794.0, 795.0, 796.0, 797.0, 797.0, 768.0, 754.0,
  752.0, 751.0, 753.0, 755.0, 758.0, 762.0, 766.0, 769.0, 770.0, 771.0, 772.0, 772.0, 771.0, 771.0, 771.0, 769.0, 768.0, 767.0, 763.0, 759.0,
  756.0, 753.0, 750.0, 745.0, 742.0, 741.0, 742.0, 742.0, 743.0, 742.0, 742.0, 740.0, 729.0, 732.0, 735.0, 727.0, 726.0, 725.0, 729.0, 733.0,
  737.0, 740.0, 741.0, 740.0, 738.0, 737.0, 738.0, 739.0, 740.0, 740.0, 740.0, 740.0, 742.0, 743.0, 745.0, 746.0, 750.0, 753.0, 755.0, 756.0,
  755.0, 752.0, 750.0, 747.0, 745.0, 746.0, 749.0, 752.0, 754.0, 753.0, 752.0, 752.0, 752.0, 751.0, 750.0, 749.0, 749.0, 751.0, 756.0, 761.0,
  764.0, 764.0, 760.0, 754.0, 750.0, 747.0, 746.0, 744.0, 744.0, 747.0, 753.0, 760.0, 766.0, 771.0, 777.0, 780.0, 782.0, 780.0, 773.0, 765.0,
  759.0, 755.0, 750.0, 747.0, 743.0, 742.0, 741.0, 741.0, 741.0, 742.0, 744.0, 748.0, 750.0, 750.0, 750.0, 751.0, 751.0, 753.0, 757.0, 759.0,
  760.0, 757.0, 752.0, 748.0, 746.0, 748.0, 748.0, 748.0, 747.0, 747.0, 747.0, 748.0, 748.0, 744.0, 739.0, 736.0, 733.0, 732.0, 731.0, 732.0,
 5440.0, 5442.0, 5442.0, 5440.0, 5442.0, 5440.0, 5439.0, 5440.0, 5443.0, 5446.0, 5448.0, 5448.0, 5448.0, 5448.0, 5457.0, 5455.0, 5457.0, 5458.0, 5460.0, 5461.0,
 5463.0, 5466.0, 5467.0, 5470.0, 5470.0, 5470.0, 5470.0, 5476.0, 5478.0, 5481.0, 5481.0, 5479.0, 5481.0, 5482.0, 5482.0, 5485.0, 5487.0, 5485.0, 5485.0, 5484.0,
 5484.0, 5484.0, 5487.0, 5487.0, 5488.0, 5479.0, 5479.0, 5481.0, 5484.0, 5488.0, 5482.0, 5479.0, 5478.0, 5473.0, 5470.0, 5469.0, 5466.0, 5458.0, 5460.0, 5461.0,
 5458.0, 5454.0, 5446.0, 5446.0, 5446.0, 5448.0, 5439.0, 5437.0, 5434.0, 5439.0, 5434.0, 5437.0, 5431.0, 5430.0, 5428.0, 5424.0, 5422.0, 5422.0, 5425.0, 5424.0,
 5428.0, 5433.0, 5434.0, 5440.0, 5442.0, 5443.0, 5442.0, 5445.0, 5445.0, 5448.0, 5451.0, 5452.0, 5455.0, 5461.0, 5464.0, 5464.0, 5470.0, 5470.0, 5476.0, 5481.0,
 5484.0, 5484.0, 5487.0, 5487.0, 5494.0, 5502.0, 5505.0, 5506.0, 5511.0, 5512.0, 5509.0, 5509.0, 5509.0, 5512.0, 5511.0, 5511.0, 5508.0, 5508.0, 5509.0, 5511.0,
 5512.0, 5514.0, 5509.0, 5506.0, 5506.0, 5505.0, 5500.0, 5502.0, 5497.0, 5494.0, 5493.0, 5490.0, 5490.0, 5488.0, 5482.0, 5479.0, 5479.0, 5478.0, 5479.0, 5478.0,
 5475.0, 5470.0, 5470.0, 5470.0, 5469.0, 5469.0, 5470.0, 5469.0, 5469.0, 5470.0, 5472.0, 5472.0, 5475.0, 5475.0, 5473.0, 5475.0, 5478.0, 5478.0, 5476.0, 5478.0,
 5479.0, 5482.0, 5481.0, 5481.0, 5482.0, 5479.0, 5481.0, 5482.0, 5482.0, 5481.0, 5476.0, 5473.0, 5473.0, 5473.0, 5475.0, 5475.0, 5475.0, 5476.0, 5475.0, 5473.0,
 5467.0, 5464.0, 5464.0, 5467.0, 5466.0, 5464.0, 5457.0, 5455.0, 5451.0, 5451.0, 5451.0, 5446.0, 5443.0, 5443.0, 5434.0, 5428.0, 5425.0, 5419.0, 5415.0, 5415.0,
 5416.0, 5419.0, 5421.0, 5422.0, 5419.0, 5419.0, 5416.0, 5413.0, 5413.0, 5412.0, 5406.0, 5407.0, 5406.0, 5406.0, 5407.0, 5407.0, 5407.0, 5409.0, 5407.0, 5412.0,
 5413.0, 5415.0, 5422.0, 5422.0, 5431.0, 5428.0, 5427.0, 5422.0, 5425.0, 5425.0, 5425.0, 5427.0, 5431.0, 5434.0, 5445.0, 5448.0, 5451.0, 5457.0, 5460.0, 5460.0,
 5478.0, 5478.0, 5479.0, 5473.0, 5476.0, 5482.0, 5479.0, 5484.0, 5485.0, 5497.0, 5496.0, 5497.0, 5509.0, 5509.0, 5502.0, 5499.0, 5497.0, 5494.0, 5493.0, 5493.0,
 5494.0, 5500.0, 5505.0, 5505.0, 5505.0, 5505.0, 5505.0, 5500.0, 5494.0, 5490.0, 5491.0, 5496.0, 5500.0, 5508.0, 5509.0, 5502.0, 5502.0, 5500.0, 5508.0, 5511.0,
 5509.0, 5506.0, 5503.0, 5502.0, 5500.0, 5499.0, 5499.0, 5496.0, 5491.0, 5490.0, 5485.0, 5484.0, 5482.0, 5478.0, 5470.0, 5469.0, 5466.0, 5461.0, 5460.0, 5452.0,
 5446.0, 5446.0, 5442.0, 5439.0, 5439.0, 5437.0, 5434.0, 5436.0, 5439.0, 5439.0, 5439.0, 5439.0, 5440.0, 5439.0, 5437.0, 5437.0, 5437.0, 5440.0, 5445.0, 5443.0,
 5445.0, 5446.0, 5445.0, 5448.0, 5454.0, 5455.0, 5452.0, 5458.0, 5458.0, 5460.0, 5460.0, 5461.0, 5464.0, 5469.0, 5470.0, 5470.0, 5475.0, 5476.0, 5479.0, 5478.0,
 5478.0, 5482.0, 5484.0, 5484.0, 5485.0, 5487.0, 5487.0, 5487.0, 5488.0, 5488.0, 5491.0, 5493.0, 5494.0, 5493.0, 5493.0, 5493.0, 5493.0, 5491.0, 5493.0, 5494.0,
 5493.0, 5493.0, 5493.0, 5494.0, 5494.0, 5499.0, 5500.0, 5500.0, 5500.0, 5496.0, 5497.0, 5502.0, 5503.0, 5505.0, 5503.0, 5505.0, 5506.0, 5506.0, 5506.0, 5505.0,
 5508.0, 5508.0, 5506.0, 5508.0, 5508.0, 5508.0, 5508.0, 5508.0, 5508.0, 5509.0, 5509.0, 5511.0, 5509.0, 5509.0, 5509.0, 5509.0, 5509.0, 5508.0, 5509.0, 5509.0,
 5508.0, 5508.0, 5508.0, 5506.0, 5503.0, 5500.0, 5499.0, 5499.0, 5496.0, 5494.0, 5491.0, 5491.0, 5490.0, 5488.0, 5487.0, 5488.0, 5488.0, 5491.0, 5493.0, 5491.0,
 5485.0, 5487.0, 5487.0, 5482.0, 5482.0, 5481.0, 5481.0, 5481.0, 5481.0, 5484.0, 5484.0, 5479.0, 5479.0, 5481.0, 5481.0, 5482.0, 5484.0, 5484.0, 5482.0, 5482.0,
 5482.0, 5479.0, 5481.0, 5482.0, 5484.0, 5482.0, 5482.0, 5484.0, 5485.0, 5485.0, 5484.0, 5482.0, 5485.0, 5487.0, 5488.0, 5491.0, 5491.0, 5491.0, 5493.0, 5493.0,
 5493.0, 5494.0, 5497.0, 5497.0, 5497.0, 5496.0, 5494.0, 5497.0, 5494.0, 5496.0, 5499.0, 5494.0, 5497.0, 5500.0, 5505.0, 5505.0, 5505.0, 5503.0, 5505.0, 5506.0,
 5502.0, 5502.0, 5502.0, 5499.0, 5499.0, 5496.0, 5491.0, 5491.0, 5490.0, 5481.0, 5482.0, 5484.0, 5482.0, 5482.0, 5479.0, 5475.0, 5473.0, 5466.0, 5466.0, 5467.0,
  711.0, 693.0, 690.0, 720.0, 802.0, 835.0, 793.0, 733.0, 723.0, 724.0, 787.0, 795.0, 740.0, 701.0, 749.0, 744.0, 767.0, 748.0, 768.0, 786.0,
  797.0, 770.0, 739.0, 728.0, 806.0, 820.0, 837.0, 788.0, 726.0, 725.0, 768.0, 749.0, 772.0, 763.0, 724.0, 651.0, 628.0, 735.0, 849.0, 917.0,
